7803 45320 247 1156344782
45 08 91245 78900032345 9
88034 087620 1556 789 12023078
229 10339456 82467 1456 48

56700191032 058 89177 7823
0039665 78010904 8712 894213
14578121 22 74 590 031978
90 10 944658 7010 487006945
56 224679320017823 94 5251 789
219786504078978 78356 66702
778903 48 62 422 5608 90114
45 003 0003047 8831 7945 68
78487988 44 7802 2894674358910
590127 389 724578039194 667
12 340 0045759510 456331101
3789 10489622 3398789 3345
7889101 98324657802 030478
1034984567343 88 041 910456
489 047803 04 1133 78466715
112309 1927349871 901 78523
320 38876512 83 721 4230 7824

ECGMH DXIEA  REECO  SSUCV FONAH
YUSOQ IFFFA  VLIXE  BVJEU INRLP
QUARP KUBNE  ECREH  TYTAJ MHURR
NODEN SWTEL  TWAGG  KIHFO ERNIC
ZLUIC ACAUD  FEQSI  SNELY WOPTU
ABENI HJKIS  YZERA  ORPAD ISSVG
DULOT MEIBB  ALPPY  THECT LUNER
HAIUL VOJEM  TUWEN  NNNOR GLEDW
LIRGS NETYT  HOCIR  EAKWS FUDEM
TRONZ ANDEN  LAEMP  TOTIN HSTAS
SHOLI ZGEWY  BRONI

7801 348910 37845 74 0081 72
03987 480 3991 98030556780
45 48 9012 56783348 503 809 77
78203 230198 0039218 4446079
034971 24670308 0308 9152
5248 802 667 801456 7819223598
4578045 039267 808 0339471

9013 4598702 271 03090814 846
5602 78024655 70348