   3 5278 445 9 21 8735 20
687 295 501 36389 8 3 27 4
71364 92 5 8 90024 580 56 
86 112 33945 9 3 806 29507
 502 7 81 250 62799 4 6739
2 30930 98 6671 3 6 609 48
097 8 96 482 14900 127 36 
4 10 53 392876 5 492 882 7
904 66713 48 19 37 15 6340
 8 921 200 17805 560 927 9
3441 58 3 5697 3147 60 356
 67 89 3500 1 4 616073 90 
81905 60 17428 95 6 376 34
23 7641 505 8 6763 22 905 
7 85 6 60 29305 1 48 392 2
09 7528501 7 64 781193 976
4705 49 738665 24 93 88 10
 9478 25041 5 49052 4 5368
20 9450 6. HOW BEAUTIFUL! SAID
THE HANDSOME YOUNG MAN WITH
TEARS IN HIS EYES.