            IN A FRENZY OF
CURIOSITY THE HAPPY MOTHER
TRIES HARD TO SEE: 107 325
290 344 58726 956 900
418 932 69408 571 823
660 584 73839 654 172
387 715 29130 209 645
103 470 87622 195 468
216 395 19973 469 651
385 234 48027 321 765
662 915 12498 954 837
205 837 34406 308 159
137 304 50759 866 228
394 186 94217 374 591
708 278 31904 227 606
510 709 60738 561 951
923 235 49146 995 574
186 578 72283 498 300
844 159 96506 201 693
293 700 84275 483 446
876 931 36500 719 852
723 389 80498 755 239
618 514 28691 549 107
420 973 41709 258 642
883 637 16536 700 210